Input:
sudoku([[5,8,_,6,1,3,9,_,7],
        [_,_,6,_,_,_,1,_,5],
        [4,9,1,7,_,8,3,_,2],
        [_,_,_,2,_,_,_,1,_],
        [_,4,7,_,8,6,_,_,_],
        [8,2,_,_,_,_,7,_,_],
        [_,_,_,8,_,5,6,9,_],
        [_,_,_,_,_,_,_,_,_],
        [9,_,_,_,2,1,_,7,_]]).

Output:
>>
[5,8,2,6,1,3,9,4,7]
[3,7,6,4,9,2,1,8,5]
[4,9,1,7,5,8,3,6,2]
[6,5,9,2,3,7,4,1,8]
[1,4,7,5,8,6,2,3,9]
[8,2,3,1,4,9,7,5,6]
[2,1,4,8,7,5,6,9,3]
[7,3,5,9,6,4,8,2,1]
[9,6,8,3,2,1,5,7,4]
true ;
>>
[5,8,2,6,1,3,9,4,7]
[3,7,6,4,9,2,1,8,5]
[4,9,1,7,5,8,3,6,2]
[6,5,9,2,3,7,4,1,8]
[1,4,7,5,8,6,2,3,9]
[8,2,3,1,4,9,7,5,6]
[2,1,4,8,7,5,6,9,3]
[7,3,8,9,6,4,5,2,1]
[9,6,5,3,2,1,8,7,4]
true ;
>>
[5,8,2,6,1,3,9,4,7]
[3,7,6,4,9,2,1,8,5]
[4,9,1,7,5,8,3,6,2]
[6,5,9,2,3,7,4,1,8]
[1,4,7,5,8,6,2,3,9]
[8,2,3,1,4,9,7,5,6]
[2,3,4,8,7,5,6,9,1]
[7,1,5,9,6,4,8,2,3]
[9,6,8,3,2,1,5,7,4]
true ;
>>
[5,8,2,6,1,3,9,4,7]
[3,7,6,4,9,2,1,8,5]
[4,9,1,7,5,8,3,6,2]
[6,5,9,2,3,7,4,1,8]
[1,4,7,5,8,6,2,3,9]
[8,2,3,1,4,9,7,5,6]
[2,3,4,8,7,5,6,9,1]
[7,1,8,9,6,4,5,2,3]
[9,6,5,3,2,1,8,7,4]
true ;
>>
[5,8,2,6,1,3,9,4,7]
[3,7,6,4,9,2,1,8,5]
[4,9,1,7,5,8,3,6,2]
[6,5,9,2,3,7,8,1,4]
[1,4,7,5,8,6,2,3,9]
[8,2,3,1,4,9,7,5,6]
[2,1,4,8,7,5,6,9,3]
[7,3,8,9,6,4,5,2,1]
[9,6,5,3,2,1,4,7,8]
true ;
>>
[5,8,2,6,1,3,9,4,7]
[3,7,6,4,9,2,1,8,5]
[4,9,1,7,5,8,3,6,2]
[6,5,9,2,3,7,8,1,4]
[1,4,7,5,8,6,2,3,9]
[8,2,3,1,4,9,7,5,6]
[2,3,4,8,7,5,6,9,1]
[7,1,8,9,6,4,5,2,3]
[9,6,5,3,2,1,4,7,8]
true ;
>>
[5,8,2,6,1,3,9,4,7]
[3,7,6,9,4,2,1,8,5]
[4,9,1,7,5,8,3,6,2]
[6,3,5,2,9,7,4,1,8]
[1,4,7,5,8,6,2,3,9]
[8,2,9,1,3,4,7,5,6]
[2,1,3,8,7,5,6,9,4]
[7,5,4,3,6,9,8,2,1]
[9,6,8,4,2,1,5,7,3]
true ;
>>
[5,8,2,6,1,3,9,4,7]
[3,7,6,9,4,2,1,8,5]
[4,9,1,7,5,8,3,6,2]
[6,3,5,2,9,7,4,1,8]
[1,4,7,5,8,6,2,3,9]
[8,2,9,1,3,4,7,5,6]
[2,1,4,8,7,5,6,9,3]
[7,5,3,4,6,9,8,2,1]
[9,6,8,3,2,1,5,7,4]
true ;
>>
[5,8,2,6,1,3,9,4,7]
[3,7,6,9,4,2,1,8,5]
[4,9,1,7,5,8,3,6,2]
[6,3,5,2,9,7,8,1,4]
[1,4,7,5,8,6,2,3,9]
[8,2,9,1,3,4,7,5,6]
[2,1,4,8,7,5,6,9,3]
[7,5,8,3,6,9,4,2,1]
[9,6,3,4,2,1,5,7,8]
true ;
>>
[5,8,2,6,1,3,9,4,7]
[3,7,6,9,4,2,1,8,5]
[4,9,1,7,5,8,3,6,2]
[6,5,3,2,9,7,4,1,8]
[1,4,7,5,8,6,2,3,9]
[8,2,9,1,3,4,7,5,6]
[2,1,4,8,7,5,6,9,3]
[7,3,5,4,6,9,8,2,1]
[9,6,8,3,2,1,5,7,4]
true ;
>>
[5,8,2,6,1,3,9,4,7]
[3,7,6,9,4,2,1,8,5]
[4,9,1,7,5,8,3,6,2]
[6,5,3,2,9,7,4,1,8]
[1,4,7,5,8,6,2,3,9]
[8,2,9,1,3,4,7,5,6]
[2,1,4,8,7,5,6,9,3]
[7,3,8,4,6,9,5,2,1]
[9,6,5,3,2,1,8,7,4]
true ;
>>
[5,8,2,6,1,3,9,4,7]
[3,7,6,9,4,2,1,8,5]
[4,9,1,7,5,8,3,6,2]
[6,5,3,2,9,7,4,1,8]
[1,4,7,5,8,6,2,3,9]
[8,2,9,1,3,4,7,5,6]
[2,3,4,8,7,5,6,9,1]
[7,1,5,3,6,9,8,2,4]
[9,6,8,4,2,1,5,7,3]
true ;
>>
[5,8,2,6,1,3,9,4,7]
[3,7,6,9,4,2,1,8,5]
[4,9,1,7,5,8,3,6,2]
[6,5,3,2,9,7,4,1,8]
[1,4,7,5,8,6,2,3,9]
[8,2,9,1,3,4,7,5,6]
[2,3,4,8,7,5,6,9,1]
[7,1,5,4,6,9,8,2,3]
[9,6,8,3,2,1,5,7,4]
true ;
>>
[5,8,2,6,1,3,9,4,7]
[3,7,6,9,4,2,1,8,5]
[4,9,1,7,5,8,3,6,2]
[6,5,3,2,9,7,4,1,8]
[1,4,7,5,8,6,2,3,9]
[8,2,9,1,3,4,7,5,6]
[2,3,4,8,7,5,6,9,1]
[7,1,8,3,6,9,5,2,4]
[9,6,5,4,2,1,8,7,3]
true ;
>>
[5,8,2,6,1,3,9,4,7]
[3,7,6,9,4,2,1,8,5]
[4,9,1,7,5,8,3,6,2]
[6,5,3,2,9,7,4,1,8]
[1,4,7,5,8,6,2,3,9]
[8,2,9,1,3,4,7,5,6]
[2,3,4,8,7,5,6,9,1]
[7,1,8,4,6,9,5,2,3]
[9,6,5,3,2,1,8,7,4]
true ;
>>
[5,8,2,6,1,3,9,4,7]
[3,7,6,9,4,2,1,8,5]
[4,9,1,7,5,8,3,6,2]
[6,5,3,2,9,7,8,1,4]
[1,4,7,5,8,6,2,3,9]
[8,2,9,1,3,4,7,5,6]
[2,1,4,8,7,5,6,9,3]
[7,3,8,4,6,9,5,2,1]
[9,6,5,3,2,1,4,7,8]
true ;
>>
[5,8,2,6,1,3,9,4,7]
[3,7,6,9,4,2,1,8,5]
[4,9,1,7,5,8,3,6,2]
[6,5,3,2,9,7,8,1,4]
[1,4,7,5,8,6,2,3,9]
[8,2,9,1,3,4,7,5,6]
[2,3,4,8,7,5,6,9,1]
[7,1,5,3,6,9,4,2,8]
[9,6,8,4,2,1,5,7,3]
true ;
>>
[5,8,2,6,1,3,9,4,7]
[3,7,6,9,4,2,1,8,5]
[4,9,1,7,5,8,3,6,2]
[6,5,3,2,9,7,8,1,4]
[1,4,7,5,8,6,2,3,9]
[8,2,9,1,3,4,7,5,6]
[2,3,4,8,7,5,6,9,1]
[7,1,8,4,6,9,5,2,3]
[9,6,5,3,2,1,4,7,8]
true ;
>>
[5,8,2,6,1,3,9,4,7]
[3,7,6,9,4,2,1,8,5]
[4,9,1,7,5,8,3,6,2]
[6,5,9,2,3,7,4,1,8]
[1,4,7,5,8,6,2,3,9]
[8,2,3,1,9,4,7,5,6]
[2,1,4,8,7,5,6,9,3]
[7,3,5,4,6,9,8,2,1]
[9,6,8,3,2,1,5,7,4]
true ;
>>
[5,8,2,6,1,3,9,4,7]
[3,7,6,9,4,2,1,8,5]
[4,9,1,7,5,8,3,6,2]
[6,5,9,2,3,7,4,1,8]
[1,4,7,5,8,6,2,3,9]
[8,2,3,1,9,4,7,5,6]
[2,1,4,8,7,5,6,9,3]
[7,3,8,4,6,9,5,2,1]
[9,6,5,3,2,1,8,7,4]
true ;
>>
[5,8,2,6,1,3,9,4,7]
[3,7,6,9,4,2,1,8,5]
[4,9,1,7,5,8,3,6,2]
[6,5,9,2,3,7,4,1,8]
[1,4,7,5,8,6,2,3,9]
[8,2,3,1,9,4,7,5,6]
[2,3,4,8,7,5,6,9,1]
[7,1,5,3,6,9,8,2,4]
[9,6,8,4,2,1,5,7,3]
true ;
>>
[5,8,2,6,1,3,9,4,7]
[3,7,6,9,4,2,1,8,5]
[4,9,1,7,5,8,3,6,2]
[6,5,9,2,3,7,4,1,8]
[1,4,7,5,8,6,2,3,9]
[8,2,3,1,9,4,7,5,6]
[2,3,4,8,7,5,6,9,1]
[7,1,5,4,6,9,8,2,3]
[9,6,8,3,2,1,5,7,4]
true ;
>>
[5,8,2,6,1,3,9,4,7]
[3,7,6,9,4,2,1,8,5]
[4,9,1,7,5,8,3,6,2]
[6,5,9,2,3,7,4,1,8]
[1,4,7,5,8,6,2,3,9]
[8,2,3,1,9,4,7,5,6]
[2,3,4,8,7,5,6,9,1]
[7,1,8,3,6,9,5,2,4]
[9,6,5,4,2,1,8,7,3]
true ;
>>
[5,8,2,6,1,3,9,4,7]
[3,7,6,9,4,2,1,8,5]
[4,9,1,7,5,8,3,6,2]
[6,5,9,2,3,7,4,1,8]
[1,4,7,5,8,6,2,3,9]
[8,2,3,1,9,4,7,5,6]
[2,3,4,8,7,5,6,9,1]
[7,1,8,4,6,9,5,2,3]
[9,6,5,3,2,1,8,7,4]
true ;
>>
[5,8,2,6,1,3,9,4,7]
[3,7,6,9,4,2,1,8,5]
[4,9,1,7,5,8,3,6,2]
[6,5,9,2,3,7,8,1,4]
[1,4,7,5,8,6,2,3,9]
[8,2,3,1,9,4,7,5,6]
[2,1,4,8,7,5,6,9,3]
[7,3,8,4,6,9,5,2,1]
[9,6,5,3,2,1,4,7,8]
true ;
>>
[5,8,2,6,1,3,9,4,7]
[3,7,6,9,4,2,1,8,5]
[4,9,1,7,5,8,3,6,2]
[6,5,9,2,3,7,8,1,4]
[1,4,7,5,8,6,2,3,9]
[8,2,3,1,9,4,7,5,6]
[2,3,4,8,7,5,6,9,1]
[7,1,5,3,6,9,4,2,8]
[9,6,8,4,2,1,5,7,3]
true ;
>>
[5,8,2,6,1,3,9,4,7]
[3,7,6,9,4,2,1,8,5]
[4,9,1,7,5,8,3,6,2]
[6,5,9,2,3,7,8,1,4]
[1,4,7,5,8,6,2,3,9]
[8,2,3,1,9,4,7,5,6]
[2,3,4,8,7,5,6,9,1]
[7,1,8,4,6,9,5,2,3]
[9,6,5,3,2,1,4,7,8]
true ;
>>
[5,8,2,6,1,3,9,4,7]
[7,3,6,4,9,2,1,8,5]
[4,9,1,7,5,8,3,6,2]
[6,5,9,2,3,7,4,1,8]
[1,4,7,5,8,6,2,3,9]
[8,2,3,1,4,9,7,5,6]
[2,1,4,8,7,5,6,9,3]
[3,7,5,9,6,4,8,2,1]
[9,6,8,3,2,1,5,7,4]
true ;
>>
[5,8,2,6,1,3,9,4,7]
[7,3,6,4,9,2,1,8,5]
[4,9,1,7,5,8,3,6,2]
[6,5,9,2,3,7,4,1,8]
[1,4,7,5,8,6,2,3,9]
[8,2,3,1,4,9,7,5,6]
[2,1,4,8,7,5,6,9,3]
[3,7,8,9,6,4,5,2,1]
[9,6,5,3,2,1,8,7,4]
true ;
>>
[5,8,2,6,1,3,9,4,7]
[7,3,6,4,9,2,1,8,5]
[4,9,1,7,5,8,3,6,2]
[6,5,9,2,3,7,8,1,4]
[1,4,7,5,8,6,2,3,9]
[8,2,3,1,4,9,7,5,6]
[2,1,4,8,7,5,6,9,3]
[3,7,8,9,6,4,5,2,1]
[9,6,5,3,2,1,4,7,8]
true ;
>>
[5,8,2,6,1,3,9,4,7]
[7,3,6,9,4,2,1,8,5]
[4,9,1,7,5,8,3,6,2]
[6,5,3,2,9,7,4,1,8]
[1,4,7,5,8,6,2,3,9]
[8,2,9,1,3,4,7,5,6]
[2,1,4,8,7,5,6,9,3]
[3,7,5,4,6,9,8,2,1]
[9,6,8,3,2,1,5,7,4]
true ;
>>
[5,8,2,6,1,3,9,4,7]
[7,3,6,9,4,2,1,8,5]
[4,9,1,7,5,8,3,6,2]
[6,5,3,2,9,7,4,1,8]
[1,4,7,5,8,6,2,3,9]
[8,2,9,1,3,4,7,5,6]
[2,1,4,8,7,5,6,9,3]
[3,7,8,4,6,9,5,2,1]
[9,6,5,3,2,1,8,7,4]
true ;
>>
[5,8,2,6,1,3,9,4,7]
[7,3,6,9,4,2,1,8,5]
[4,9,1,7,5,8,3,6,2]
[6,5,3,2,9,7,8,1,4]
[1,4,7,5,8,6,2,3,9]
[8,2,9,1,3,4,7,5,6]
[2,1,4,8,7,5,6,9,3]
[3,7,8,4,6,9,5,2,1]
[9,6,5,3,2,1,4,7,8]
true ;
>>
[5,8,2,6,1,3,9,4,7]
[7,3,6,9,4,2,1,8,5]
[4,9,1,7,5,8,3,6,2]
[6,5,9,2,3,7,4,1,8]
[1,4,7,5,8,6,2,3,9]
[8,2,3,1,9,4,7,5,6]
[2,1,4,8,7,5,6,9,3]
[3,7,5,4,6,9,8,2,1]
[9,6,8,3,2,1,5,7,4]
true ;
>>
[5,8,2,6,1,3,9,4,7]
[7,3,6,9,4,2,1,8,5]
[4,9,1,7,5,8,3,6,2]
[6,5,9,2,3,7,4,1,8]
[1,4,7,5,8,6,2,3,9]
[8,2,3,1,9,4,7,5,6]
[2,1,4,8,7,5,6,9,3]
[3,7,8,4,6,9,5,2,1]
[9,6,5,3,2,1,8,7,4]
true ;
>>
[5,8,2,6,1,3,9,4,7]
[7,3,6,9,4,2,1,8,5]
[4,9,1,7,5,8,3,6,2]
[6,5,9,2,3,7,8,1,4]
[1,4,7,5,8,6,2,3,9]
[8,2,3,1,9,4,7,5,6]
[2,1,4,8,7,5,6,9,3]
[3,7,8,4,6,9,5,2,1]
[9,6,5,3,2,1,4,7,8]
true ;
false.